1000 4942
657 8
584 506
566 567
201 577
697 324
644 786
521 527
415 334
207 992
978 708
698 540
603 644
742 981
592 984
630 672
678 520
906 286
744 471
709 453
412 688
823 349
219 12
241 897
939 218
98 598
101 986
873 31
301 542
35 913
269 106
327 546
715 973
420 605
754 119
332 687
685 696
942 958
165 734
249 485
856 699
153 74
395 99
514 833
107 669
533 670
881 661
932 791
594 604
739 198
883 695
116 229
976 453
890 685
852 100
157 421
247 658
893 294
783 315
487 590
697 11
715 811
846 51
538 864
150 49
747 578
405 738
686 408
870 405
466 967
986 618
557 356
473 468
65 25
992 681
807 971
365 948
528 579
214 232
155 352
959 683
781 183
904 275
296 85
582 811
554 422
755 228
866 145
296 596
353 210
443 263
176 658
154 862
600 77
731 230
637 216
69 699
175 836
967 150
843 633
454 879
609 436
275 501
456 140
498 214
562 620
746 682
231 38
638 738
15 512
142 184
329 421
258 484
332 900
253 32
644 593
372 389
727 710
529 270
70 942
289 258
622 56
283 249
937 430
780 153
615 582
959 773
174 888
547 309
192 688
397 284
514 86
573 288
148 328
439 364
77 41
665 840
47 119
122 879
391 547
105 288
529 627
569 958
986 788
842 49
733 243
203 927
916 783
990 920
529 374
857 97
124 123
223 117
332 899
918 926
170 712
577 792
465 659
562 3
568 801
654 30
784 376
201 324
828 64
143 416
806 288
826 610
528 578
371 281
685 786
718 230
924 187
190 542
123 617
60 792
252 152
148 343
21 207
683 196
133 299
373 694
409 869
776 337
265 355
871 696
334 961
734 440
915 687
92 244
330 859
517 437
683 398
593 140
960 766
153 360
375 583
84 987
840 900
801 821
454 551
794 733
144 317
116 436
116 865
248 559
600 686
804 540
675 188
658 617
492 882
461 259
594 436
26 857
261 259
562 320
659 961
639 807
68 787
363 933
238 423
516 750
497 223
848 705
940 786
603 763
407 768
708 374
872 651
856 204
565 838
144 917
72 16
127 480
370 869
492 260
539 588
700 901
538 981
850 620
765 666
101 363
873 450
48 702
947 570
956 411
765 842
14 525
147 399
257 467
739 956
480 644
395 260
799 288
16 106
552 969
290 582
292 361
388 499
966 668
330 760
370 207
178 145
314 232
669 415
923 588
63 335
33 485
568 809
344 277
15 232
714 486
603 363
807 632
916 613
574 89
352 136
469 645
937 616
634 89
305 473
797 869
453 75
593 699
659 173
927 914
621 389
319 301
954 642
65 125
329 888
170 658
185 662
257 865
403 691
334 956
905 430
802 543
655 227
747 898
343 765
17 30
860 374
592 764
148 509
165 569
593 280
280 226
651 494
9 959
174 239
925 932
965 887
234 92
985 380
605 123
194 367
148 823
76 308
848 293
964 611
21 832
904 737
962 309
891 409
707 770
296 626
48 770
432 301
775 501
621 8
21 75
114 543
997 771
707 932
815 207
618 932
965 937
299 601
396 626
422 956
891 21
135 452
946 752
658 376
840 477
144 783
434 690
382 947
173 114
934 751
179 698
976 423
614 275
797 348
815 45
802 905
529 967
217 594
489 725
868 135
883 859
666 319
275 51
813 7
228 118
157 46
875 143
930 238
415 480
843 531
1 31
592 785
395 832
149 724
900 636
26 923
723 819
333 888
391 379
337 682
671 691
174 121
231 426
730 508
622 141
14 998
537 832
324 588
18 314
302 695
614 929
752 164
512 316
821 153
417 184
970 190
627 115
493 515
77 110
442 160
443 786
850 814
488 259
469 60
102 126
563 544
547 786
568 184
142 79
721 41
518 145
258 827
395 269
870 520
62 763
963 431
568 96
250 379
159 745
571 984
56 379
174 574
63 671
226 951
578 128
135 421
250 49
401 827
553 326
38 688
455 873
538 239
495 123
918 602
335 367
317 504
907 583
647 120
639 398
179 305
290 618
184 526
630 530
848 533
208 218
541 227
607 111
528 88
875 819
804 253
318 203
492 239
554 977
29 522
448 818
162 603
69 627
250 831
18 892
219 753
456 285
533 325
4 661
305 118
776 592
769 540
592 67
498 316
378 440
566 888
372 922
238 371
132 593
220 887
81 311
756 929
480 114
209 31
279 468
120 398
545 8
746 206
286 799
713 68
732 800
895 340
401 717
181 730
165 375
512 31
422 110
26 655
209 168
689 211
173 66
780 571
984 508
639 260
15 286
490 198
570 227
167 446
637 727
960 101
797 621
504 748
11 463
15 529
253 570
236 227
808 412
239 182
560 650
903 442
219 780
559 436
6 207
230 897
798 802
964 113
973 198
891 687
769 101
843 218
365 119
148 102
933 27
672 309
854 541
742 186
473 168
620 853
413 709
967 814
658 694
308 534
510 181
415 123
918 347
539 146
560 1000
81 94
62 200
818 602
356 826
50 902
895 600
521 847
220 506
661 716
792 160
520 869
554 160
761 604
923 352
137 429
319 486
491 201
420 259
50 537
568 60
15 404
473 325
329 3
165 82
868 525
351 827
346 270
337 662
681 636
672 543
233 447
659 161
752 499
502 632
732 128
704 224
119 522
497 309
47 451
965 716
967 728
550 748
934 436
883 386
757 357
131 663
652 893
672 636
57 31
267 966
949 563
34 624
187 957
878 938
755 534
187 910
151 811
633 280
63 80
800 626
563 910
468 330
898 750
416 64
612 526
901 673
325 722
631 579
829 420
996 948
150 607
353 577
11 135
765 156
965 127
711 64
843 645
678 139
57 325
945 263
350 919
906 623
887 846
48 384
303 263
659 278
289 477
326 570
554 796
849 932
822 200
77 598
292 157
741 484
444 228
190 328
523 334
545 140
302 254
748 191
804 561
749 100
179 881
879 106
807 249
665 109
991 758
810 910
480 357
557 861
922 590
887 545
637 974
675 753
70 816
456 206
516 828
167 672
406 813
169 294
347 879
529 884
967 951
220 499
787 482
849 675
700 769
235 134
365 968
206 972
961 299
524 937
634 812
15 935
231 340
529 773
514 989
54 365
771 397
238 819
655 160
611 743
546 919
637 641
194 301
954 590
711 272
537 168
489 676
950 299
473 597
461 379
59 284
848 818
974 349
831 545
426 159
562 903
939 181
530 226
671 475
983 696
215 806
453 583
511 975
537 44
1 954
207 61
104 290
300 446
269 570
657 666
214 412
929 512
604 601
606 280
128 119
486 824
185 317
938 133
331 881
5 106
818 610
852 888
725 246
428 665
428 871
766 962
33 462
967 786
313 153
939 696
93 364
352 682
239 408
743 502
377 974
781 21
450 145
538 386
895 139
400 112
127 680
22 598
557 57
23 61
872 531
67 309
506 680
243 164
549 154
953 769
347 392
85 842
242 222
582 374
797 763
949 932
671 651
486 71
52 728
865 411
938 140
384 888
812 613
979 399
837 730
997 431
566 367
841 402
731 351
946 376
286 854
458 860
539 989
76 446
149 409
595 585
541 210
467 422
804 858
711 262
786 526
306 893
127 26
434 46
519 748
441 288
456 423
67 750
703 354
781 468
912 525
13 501
343 594
714 66
219 151
491 650
845 887
148 153
939 520
942 935
245 380
967 198
779 767
303 540
197 249
767 534
107 721
13 873
666 679
171 978
578 398
263 832
257 951
43 629
212 125
359 398
804 745
293 902
419 727
171 611
923 173
209 578
679 429
806 922
286 767
529 633
108 336
950 865
991 31
250 555
812 232
243 424
317 60
352 152
817 134
63 802
603 661
529 522
803 522
571 115
807 114
274 986
769 589
519 499
977 771
279 431
47 969
841 323
413 271
964 276
697 124
382 738
511 572
992 214
721 947
166 807
127 498
472 450
118 955
413 282
726 241
878 286
675 948
191 982
877 560
472 842
559 213
823 654
984 408
521 131
684 830
539 542
943 3
886 971
63 21
836 641
946 564
876 222
272 16
860 433
723 86
827 974
314 32
153 358
375 585
980 494
512 16
713 382
884 759
628 79
756 625
904 346
133 451
769 402
818 150
983 255
582 989
36 786
307 29
365 933
686 115
762 459
758 277
490 864
489 760
345 99
878 439
718 310
921 541
633 811
178 425
630 85
48 228
211 871
603 641
749 645
401 980
233 265
332 828
934 537
574 746
647 159
886 294
961 42
11 100
211 106
549 563
892 25
341 440
289 895
647 633
845 21
718 938
40 386
114 441
415 345
939 168
43 578
870 874
384 681
960 633
304 926
276 91
368 879
841 725
576 830
132 191
921 311
57 74
165 885
428 834
413 71
52 441
947 195
456 620
516 751
591 559
885 835
172 421
787 169
726 551
784 858
250 785
587 559
930 655
552 198
127 62
236 796
455 424
480 225
208 619
137 494
754 729
449 268
969 419
327 984
347 38
139 979
132 730
441 864
761 859
282 785
139 696
160 515
729 982
566 946
489 940
520 168
365 588
144 488
77 653
151 49
997 614
206 103
9 584
546 542
463 561
584 106
344 260
659 79
749 873
844 113
183 143
4 34
970 858
460 362
876 55
637 688
92 46
855 36
74 811
588 110
74 177
662 790
744 255
483 149
525 38
525 753
285 183
175 968
548 342
454 219
30 791
11 653
742 228
959 614
926 495
285 509
231 986
855 689
34 640
345 197
953 664
471 541
711 400
700 374
239 106
496 316
794 424
243 674
409 411
962 387
697 533
438 688
251 373
953 188
285 443
863 412
756 876
707 675
625 827
946 911
692 577
877 677
784 326
770 682
219 263
186 11
186 580
155 541
148 159
529 751
513 853
697 48
56 168
383 200
789 85
521 687
810 647
934 839
63 645
461 387
267 384
432 790
678 824
476 864
717 681
224 680
116 49
960 482
155 128
733 182
50 86
678 758
586 817
788 10
825 914
965 834
497 702
825 722
707 82
104 61
557 330
847 626
1 427
131 357
965 121
577 213
188 191
845 815
154 564
1000 119
122 250
710 92
785 299
90 483
553 905
591 143
917 734
13 201
866 705
190 453
836 105
467 298
443 717
360 869
1 642
769 629
865 792
113 571
627 796
446 136
335 331
978 431
778 80
669 980
118 602
959 246
178 977
175 641
949 734
830 227
749 796
272 885
535 527
978 24
371 673
257 425
178 928
486 361
678 202
731 564
912 783
738 435
609 506
60 791
245 387
156 255
209 563
250 932
605 760
968 198
456 358
410 685
380 485
849 324
64 182
65 824
582 157
68 1000
783 862
849 871
304 486
368 467
943 495
756 565
653 64
319 57
675 583
274 878
638 390
469 941
366 124
489 835
975 375
77 673
173 270
266 688
655 53
715 241
267 547
306 177
532 29
238 58
992 485
457 412
849 300
188 256
788 985
705 354
485 958
36 105
457 180
203 325
497 477
622 604
332 359
177 760
90 766
415 696
552 975
255 610
697 623
937 786
260 748
304 812
153 60
742 462
597 910
1000 259
1000 984
359 512
289 716
287 969
824 49
271 899
491 546
718 910
2 811
829 885
369 884
222 662
727 556
997 175
671 536
943 871
247 698
795 42
949 12
934 101
189 391
171 132
463 919
63 434
448 998
709 486
231 102
361 195
566 271
806 286
455 172
771 658
721 867
993 518
335 329
792 973
249 136
502 298
730 723
456 153
257 246
938 484
3 502
849 199
528 642
154 229
87 195
217 475
327 720
989 312
847 996
189 951
867 433
597 205
778 617
148 898
710 41
340 972
381 40
552 801
511 979
698 948
626 60
906 815
599 515
528 416
969 940
8 745
893 265
589 777
255 478
455 264
789 557
994 529
116 493
116 858
544 736
870 327
691 38
251 757
234 493
252 796
143 607
883 389
242 519
521 605
333 487
742 781
327 555
28 493
983 45
587 972
803 667
161 820
715 365
825 362
719 365
956 446
578 649
371 701
483 640
523 735
85 956
283 55
14 486
36 634
148 585
325 605
574 677
628 58
813 862
722 616
689 795
619 531
50 736
915 604
326 936
535 842
431 502
205 569
918 593
61 735
243 740
65 721
906 498
232 745
425 306
413 556
503 533
785 86
713 613
592 718
683 281
521 582
70 340
142 430
428 436
391 398
230 221
857 836
470 534
715 223
915 826
401 139
126 177
79 66
98 941
347 662
527 649
322 399
302 336
870 777
185 791
720 177
218 534
68 118
807 42
154 161
194 8
302 46
697 103
589 326
682 696
171 113
572 227
117 944
228 661
547 283
415 833
967 355
174 613
721 540
178 144
870 191
547 831
416 299
877 39
254 653
843 302
527 158
558 642
977 593
905 268
818 96
152 598
964 412
175 792
53 91
823 587
720 611
880 570
521 662
165 357
703 634
794 642
906 984
409 672
122 638
502 135
175 39
711 49
14 980
101 83
609 222
183 39
458 41
793 791
116 506
665 899
279 496
870 360
922 585
836 424
358 604
987 914
190 814
363 92
370 893
92 99
369 373
77 60
738 982
852 232
47 740
319 67
858 275
749 85
969 268
733 315
698 783
953 106
238 113
455 533
209 423
732 347
117 864
727 595
461 302
906 880
817 139
455 811
801 484
984 900
622 219
677 281
825 640
591 365
369 867
307 78
630 678
242 223
390 751
816 658
835 142
825 753
925 225
203 200
292 722
793 792
406 150
1 441
903 295
155 806
389 819
707 328
563 642
104 328
765 578
586 225
494 376
917 972
40 112
810 305
116 112
443 256
63 555
690 246
361 564
693 347
940 487
915 260
755 594
627 526
242 698
574 11
188 322
979 236
413 857
603 66
218 601
456 228
148 154
881 594
204 980
207 920
639 542
578 201
18 336
358 767
747 931
911 42
287 689
368 891
257 358
350 880
666 17
647 81
831 308
501 39
230 559
785 968
794 254
401 230
266 245
220 619
866 616
759 265
81 427
797 938
950 545
466 900
1000 809
179 448
50 605
177 86
552 210
97 316
406 476
954 135
663 38
504 743
805 873
171 755
302 796
370 522
62 594
43 248
555 94
550 865
384 88
884 830
495 520
668 66
172 223
890 222
752 868
840 444
162 664
913 688
988 236
625 750
105 94
779 873
81 847
373 416
239 723
108 313
606 157
218 834
493 460
187 712
521 81
994 227
964 834
541 750
626 963
990 310
62 198
822 981
482 604
219 640
525 740
827 961
709 944
756 707
97 37
959 46
190 802
529 372
488 884
30 971
566 324
457 228
366 430
334 937
946 714
620 783
751 130
769 535
987 172
593 299
888 431
689 130
365 734
798 49
432 437
101 504
752 975
107 757
659 64
199 139
700 940
793 471
226 336
60 12
47 760
552 343
175 281
692 629
144 638
843 617
435 452
165 152
438 494
77 358
5 826
341 721
233 56
693 197
552 676
883 1000
378 950
539 308
79 759
611 427
279 721
762 352
734 682
450 299
655 330
610 694
540 355
817 301
81 954
119 902
465 283
48 563
637 112
209 180
586 328
252 671
434 534
695 799
369 266
322 635
296 587
245 61
797 480
46 379
329 951
165 527
752 853
642 130
275 599
240 659
333 256
867 197
942 508
856 264
233 33
621 248
280 326
787 858
844 140
166 309
885 254
562 861
357 64
78 827
698 979
418 196
457 698
847 770
298 696
874 551
525 985
31 526
730 214
217 57
806 542
54 339
771 479
921 955
994 140
903 714
135 604
279 667
599 518
763 585
181 908
547 187
108 437
897 984
550 818
420 969
413 824
629 416
825 670
98 283
206 168
127 166
129 625
175 412
124 130
396 548
975 531
495 947
562 556
906 604
911 476
395 522
964 636
306 825
714 184
383 83
590 25
449 947
258 331
757 445
888 452
495 308
264 435
85 607
263 880
363 917
677 502
514 56
574 28
805 535
35 202
757 696
757 302
372 708
466 969
85 123
430 115
654 836
896 819
107 617
916 416
332 594
695 37
153 782
562 521
874 887
209 390
70 880
15 474
608 764
92 261
93 433
76 20
994 627
187 294
559 259
262 641
798 130
152 772
78 225
730 41
265 75
991 36
675 279
706 984
458 97
519 379
368 268
228 225
320 66
670 429
697 353
603 544
487 301
769 313
521 749
148 373
756 884
529 584
523 246
489 598
945 450
873 893
855 968
13 999
966 88
967 106
110 130
334 447
933 375
904 495
146 876
5 825
83 82
568 224
138 811
620 270
912 49
217 882
479 864
843 773
347 499
98 836
718 723
669 503
302 277
410 273
410 714
30 740
640 227
306 414
456 570
341 653
419 197
628 365
739 802
621 495
78 319
669 408
923 238
344 293
874 237
105 355
848 363
472 260
255 716
588 722
113 227
495 744
683 795
884 499
539 284
959 483
891 988
47 398
231 226
512 92
586 899
532 588
271 408
14 517
729 852
4 680
59 792
7 88
391 370
967 449
34 643
824 479
936 348
57 226
573 324
144 364
456 778
581 772
804 774
215 10
887 979
715 488
398 900
826 534
738 500
291 399
462 44
63 214
939 182
657 55
810 43
474 710
495 632
517 8
496 236
994 144
939 881
304 959
780 653
546 27
52 276
323 99
589 464
627 408
849 856
918 978
524 816
47 78
675 676
870 986
492 450
627 210
292 649
334 339
579 170
62 962
554 204
818 164
30 29
306 400
200 920
533 106
274 28
510 581
758 636
658 570
812 540
62 941
505 477
930 563
325 261
382 821
631 867
535 459
41 328
419 599
633 268
959 17
923 720
280 561
728 963
33 710
8 662
938 479
427 119
148 580
883 212
967 390
704 124
921 716
872 512
525 66
726 792
967 923
624 259
805 391
95 876
81 632
752 942
780 605
512 876
215 24
254 45
329 295
956 607
296 653
741 496
90 962
466 376
752 699
587 982
52 928
271 326
720 736
203 20
204 414
573 681
904 113
915 524
851 641
466 267
191 575
907 838
841 301
218 948
384 111
899 397
646 651
332 58
190 168
107 309
213 265
231 926
486 482
514 204
715 597
700 698
865 32
369 590
868 670
832 983
814 438
890 623
797 241
283 442
984 658
868 97
201 168
693 152
238 807
994 852
673 37
98 544
923 202
319 408
321 668
530 658
802 111
381 79
550 303
875 194
383 458
415 87
710 266
81 787
741 74
245 501
502 598
122 183
231 717
841 214
342 944
56 687
26 942
715 768
368 662
40 435
439 773
918 999
795 293
471 265
395 716
967 905
419 25
420 873
718 16
241 757
947 308
357 408
212 468
107 282
14 890
550 471
97 830
703 658
493 409
573 46
350 804
479 64
941 736
871 265
301 246
818 288
432 944
731 52
841 100
62 972
390 637
22 143
448 123
887 500
779 471
376 387
636 737
755 641
892 859
47 444
539 780
804 635
960 694
493 106
58 12
258 17
996 458
84 374
304 383
512 377
693 97
108 651
870 385
4 794
169 400
891 177
354 323
190 400
206 438
467 236
90 253
840 272
752 941
586 649
131 339
592 710
917 372
95 541
352 661
521 1
850 770
338 408
705 551
728 613
964 270
620 979
365 669
825 161
150 75
742 283
817 145
599 114
285 198
948 349
306 662
291 227
866 200
646 193
386 210
388 209
596 94
963 863
341 223
69 58
508 526
822 93
885 577
185 725
719 144
848 594
650 905
851 8
250 943
689 779
840 834
508 944
270 531
880 520
384 914
683 278
718 612
313 922
922 293
389 858
263 31
637 664
356 984
698 187
372 207
967 157
806 911
646 375
401 132
916 496
296 366
260 380
118 141
794 440
185 225
563 999
874 77
250 867
549 845
201 727
237 198
457 76
645 817
677 419
889 213
581 834
657 228
855 665
234 447
659 191
262 204
719 153
3 768
174 877
53 509
283 808
434 38
606 384
192 254
36 259
399 355
420 21
443 340
519 157
297 358
887 82
335 785
304 518
502 441
548 244
14 80
306 569
381 414
718 771
593 902
946 930
59 759
353 79
695 782
67 316
997 1000
512 735
420 370
54 478
591 369
829 454
208 390
558 177
118 55
550 429
873 975
488 705
838 284
285 692
452 246
520 387
377 477
37 246
994 118
23 943
45 51
9 594
946 582
468 740
395 12
566 899
269 555
697 490
805 585
257 632
129 817
441 446
647 794
818 227
606 735
928 952
923 559
201 624
532 412
715 852
776 655
863 450
60 864
489 886
996 962
208 632
440 315
122 537
600 564
906 236
747 778
34 166
150 399
199 367
456 236
611 10
719 821
831 431
63 817
506 299
255 596
638 143
590 585
40 208
495 783
734 956
359 12
337 485
523 751
640 111
982 225
62 572
234 103
396 871
107 709
917 392
721 49
521 61
775 293
9 350
466 329
33 541
967 136
509 485
329 71
293 542
129 981
945 139
423 143
331 809
383 472
419 660
926 361
530 196
622 806
347 136
256 773
991 407
95 226
614 854
405 753
564 753
251 125
50 695
472 981
472 435
163 89
755 531
311 394
685 753
832 309
457 102
317 362
634 668
63 346
927 982
472 696
434 979
771 464
965 35
881 371
215 573
135 617
139 935
999 309
765 402
903 437
197 436
324 266
788 885
986 533
478 427
760 526
707 946
67 275
909 211
675 208
16 979
970 310
203 723
661 440
546 796
488 947
903 814
405 681
730 736
69 460
242 220
215 104
852 465
628 861
684 740
539 164
475 214
847 3
137 306
218 299
84 708
262 760
121 475
109 1
916 44
2 133
756 246
403 646
837 617
491 466
779 962
138 826
621 539
622 268
72 19
261 447
820 86
453 981
621 681
650 694
541 293
563 277
125 957
18 281
644 485
677 290
458 237
176 644
719 806
390 356
689 501
193 328
714 750
984 674
142 10
108 273
18 885
19 564
31 782
911 254
816 427
13 303
746 651
571 421
123 632
677 690
749 740
677 7
237 453
293 952
242 16
149 452
580 627
744 807
377 783
138 736
50 53
970 786
234 227
948 750
466 745
71 980
580 728
350 143
558 688
866 117
373 822
109 195
140 595
850 116
18 989
38 642
457 158
960 905
918 583
462 169
800 802
781 320
407 770
766 347
271 140
895 870
215 677
366 581
628 890
258 328
702 137
465 791
703 208
866 564
728 121
428 818
765 460
609 835
966 277
144 367
154 688
766 623
916 623
186 166
900 737
684 182
457 557
223 135
428 47
174 10
122 315
231 239
108 992
273 573
40 79
400 520
679 312
517 429
596 598
757 99
426 536
189 44
497 598
28 603
765 559
602 880
969 536
960 764
988 902
755 949
333 642
173 632
852 504
375 988
305 640
732 992
498 599
272 284
368 918
718 481
420 364
137 293
784 818
88 223
495 593
199 110
700 945
496 255
756 696
263 412
831 531
945 449
347 867
675 783
486 372
560 677
300 484
914 115
519 962
365 862
117 658
864 385
85 782
746 72
654 81
33 675
802 275
659 723
614 452
535 811
511 910
665 271
848 61
884 222
812 664
743 900
262 633
881 723
817 758
394 244
529 812
215 449
253 782
735 288
479 446
46 112
868 842
904 771
373 405
717 113
692 117
711 552
325 652
108 217
272 418
351 595
974 716
665 704
23 128
171 123
63 610
118 187
305 302
550 659
933 361
862 385
292 572
591 184
377 596
940 571
404 58
995 544
48 8
231 423
394 441
144 993
307 431
805 815
863 792
420 886
40 359
331 856
33 337
388 159
959 309
891 829
449 210
870 44
647 285
56 39
221 947
592 41
108 99
848 195
242 366
425 150
101 792
407 135
33 595
361 446
941 512
395 970
127 116
186 729
937 696
523 176
633 266
173 268
549 583
628 250
995 759
397 441
473 376
386 900
285 551
212 979
980 786
530 584
529 720
930 366
350 736
879 975
127 938
797 696
353 310
117 277
437 745
597 598
87 120
85 316
50 494
656 733
83 404
841 599
401 706
815 20
422 674
443 232
189 905
778 669
619 348
963 571
795 971
721 664
18 22
368 479
847 793
884 450
353 16
372 670
191 561
89 91
675 284
261 440
933 283
419 464
296 45
591 142
359 411
810 162
491 261
391 355
189 303
258 256
70 861
338 208
53 246
589 345
2 469
713 687
241 126
891 746
573 768
711 311
9 445
889 160
375 117
875 334
33 295
558 879
969 645
219 92
129 385
33 329
258 295
313 893
388 967
233 225
962 508
855 471
413 52
159 229
450 182
359 551
917 542
629 484
77 999
918 679
406 29
734 932
132 989
653 617
781 436
356 948
765 346
715 594
472 543
663 255
1 180
773 325
186 609
207 500
524 807
68 616
926 983
854 400
340 640
417 677
14 961
392 168
953 270
383 151
311 602
968 598
373 724
849 173
423 989
635 764
318 696
256 650
123 119
752 10
971 670
904 942
865 826
314 605
640 355
709 545
650 620
761 300
444 232
940 637
871 222
619 385
927 919
175 196
841 927
298 478
491 530
251 973
537 438
474 487
369 868
444 351
806 698
247 272
600 903
832 596
851 660
92 796
420 464
738 736
940 543
704 560
383 224
466 402
174 323
103 534
875 569
568 437
786 869
128 298
231 857
207 117
6 125
331 55
580 581
101 49
121 280
841 508
756 134
503 763
614 667
354 312
264 763
762 102
466 363
272 940
267 256
26 422
823 735
274 610
59 280
648 150
810 909
761 627
845 225
889 908
47 577
907 672
378 37
853 862
571 150
224 206
553 210
945 577
630 47
591 357
4 193
261 989
960 311
54 993
762 312
388 644
413 690
801 601
340 835
108 576
18 344
426 339
369 52
187 45
922 767
311 620
491 246
697 115
416 446
343 999
401 241
510 614
519 788
991 363
388 956
171 452
462 16
561 892
644 858
321 621
88 859
890 506
886 770
73 592
985 716
557 629
755 847
795 944
625 830
830 229
524 893
810 955
945 272
899 880
549 981
768 161
751 748
326 722
296 844
67 156
388 210
904 523
787 493
322 202
943 131
801 594
390 475
806 312
465 799
967 276
544 759
82 842
797 694
360 952
215 618
571 725
272 809
441 246
865 496
995 717
276 161
333 400
153 487
580 474
800 555
304 85
631 306
732 576
1 957
916 497
972 246
813 641
6 393
11 651
174 69
154 216
838 651
488 470
567 125
56 581
643 395
663 590
826 783
906 961
337 759
247 987
340 239
144 956
378 595
418 167
516 42
628 236
439 543
977 935
778 877
800 888
488 618
272 347
437 106
829 824
296 28
4 469
634 286
577 992
802 506
178 914
319 447
283 310
676 295
471 989
165 235
366 51
828 106
705 942
651 182
673 177
675 60
325 981
15 307
678 91
921 758
647 194
980 724
631 516
9 13
9 704
823 45
925 594
175 921
87 476
325 433
55 200
916 734
148 11
465 374
260 983
52 145
102 537
930 955
74 636
54 373
519 771
991 326
403 809
260 41
333 973
887 42
524 32
266 816
998 961
726 518
34 993
719 903
78 53
766 288
850 639
318 612
318 441
943 485
671 32
639 618
656 972
14 459
206 962
185 817
21 411
847 436
959 176
248 218
861 869
802 759
655 139
68 599
363 609
492 267
286 724
700 365
755 439
22 833
538 701
228 982
424 436
659 522
754 444
549 491
787 112
549 210
402 741
718 306
629 712
868 816
289 55
413 205
192 171
498 278
360 103
546 88
363 399
219 642
237 799
455 514
829 955
885 121
423 725
652 737
154 980
835 214
817 583
964 37
621 4
417 763
307 68
970 985
420 656
845 590
352 619
901 495
351 440
468 463
647 842
789 71
425 973
711 893
657 206
564 31
933 990
291 111
510 975
539 635
404 387
773 259
997 625
778 480
838 414
847 534
968 723
435 345
291 508
332 298
995 689
69 99
946 119
881 354
828 236
507 846
92 651
977 239
700 541
865 141
422 362
761 537
62 683
546 800
105 446
565 421
895 57
864 136
643 884
719 826
665 545
850 951
560 294
538 759
709 618
728 818
303 322
893 115
657 266
70 924
888 300
955 400
442 136
669 973
65 316
690 927
805 47
622 520
788 571
92 88
628 973
795 496
576 763
186 718
593 774
703 871
1 869
464 617
1000 246
932 561
875 156
7 958
969 471
128 774
825 416
874 910
384 741
369 836
538 977
977 279
580 785
63 990
947 501
249 374
139 499
765 208
485 451
175 972
87 371
466 500
458 900
97 954
422 508
189 479
744 735
235 980
839 543
570 411
726 471
882 629
277 551
24 117
719 51
517 681
305 927
887 819
562 702
656 69
178 108
287 402
287 548
566 922
53 796
693 437
648 650
761 237
778 53
483 265
193 617
891 638
359 625
565 547
35 775
204 424
549 850
592 807
56 164
757 558
654 523
289 519
557 471
613 522
890 129
960 822
321 922
533 130
931 691
224 989
895 47
806 821
418 106
964 405
455 894
756 412
242 243
780 51
812 683
59 735
63 852
320 661
835 346
981 355
360 421
905 737
732 261
935 981
789 954
704 750
891 917
1000 298
11 342
488 673
513 83
53 869
147 813
573 537
24 235
703 288
192 183
771 954
598 515
466 704
909 567
841 270
329 196
823 490
950 859
646 922
576 632
776 106
852 542
942 12
727 782
653 103
992 316
965 917
340 787
181 972
420 833
56 688
149 824
887 254
679 664
50 450
719 282
622 452
659 570
126 226
608 146
631 353
142 360
829 673
169 464
759 416
997 32
815 41
600 449
432 83
930 123
549 125
802 158
757 309
812 379
615 748
1000 235
420 799
528 253
603 6
566 142
291 210
439 929
868 533
187 500
524 696
58 397
528 327
985 791
584 377
341 345
637 914
789 416
319 475
984 725
147 830
560 616
673 200
904 264
211 559
929 360
821 298
697 431
54 139
347 610
643 187
703 778
941 641
878 795
747 363
175 642
72 748
677 486
230 830
18 750
737 782
845 101
695 16
977 181
81 504
742 418
566 129
346 601
974 49
189 967
426 523
666 97
669 878
559 985
369 509
969 943
175 992
470 389
678 99
700 866
311 590
202 782
738 259
350 496
644 139
137 818
228 770
318 661
586 188
965 40
144 684
15 748
783 859
843 393
631 627
20 961
906 19
887 791
140 197
639 283
966 57
53 389
829 154
184 641
671 712
773 924
519 221
704 445
351 639
644 902
943 300
640 859
124 49
533 150
748 864
966 590
577 164
563 377
47 72
858 932
731 536
824 673
163 636
533 588
630 702
181 541
934 240
560 885
169 999
332 405
220 221
885 532
651 433
997 389
907 20
26 984
711 844
689 254
868 232
415 677
948 993
454 896
755 709
179 773
654 743
350 394
611 679
305 827
107 781
291 888
878 924
536 51
449 281
612 358
801 49
544 435
365 167
818 123
174 472
485 408
547 661
116 748
785 725
550 249
492 336
440 119
432 894
443 951
574 393
28 696
621 204
215 720
770 572
544 556
95 293
812 57
43 963
870 757
815 831
779 128
122 968
336 944
529 790
126 581
881 429
826 237
627 641
332 854
831 380
444 210
562 269
102 103
638 181
70 449
698 886
127 688
274 420
493 816
831 255
842 198
679 268
260 556
727 954
250 400
639 158
144 952
185 778
297 545
260 691
528 262
856 885
428 154
871 902
729 115
340 641
50 740
876 339
137 210
865 627
343 194
215 352
703 729
631 876
62 100
462 329
689 315
657 143
931 632
289 917
303 293
554 452
211 111
97 858
647 390
400 452
872 917
62 520
448 593
231 894
69 570
829 900
223 501
901 181
155 416
926 257
92 385
164 604
773 783
472 92
917 935
606 980
183 55
189 610
763 164
854 424
603 232
66 182
329 819
438 672
148 571
186 984
5 100
480 576
762 571
899 103
757 836
620 506
289 465
418 152
826 255
976 800
132 121
621 416
9 319
173 478
528 814
650 962
413 986
965 157
287 362
878 380
753 680
545 379
169 164
153 962
43 8
741 113
281 376
597 791
48 738
546 97
963 616
399 392
381 941
50 452
922 499
286 38
742 613
835 133
388 589
855 645
491 414
904 958
916 149
239 387
937 8
847 598
929 244
775 184
860 436
656 117
619 326
513 412
695 379
806 145
645 323
224 482
665 316
576 316
959 729
707 578
563 115
174 389
711 705
837 518
16 414
532 385
626 484
754 305
974 571
719 939
650 853
314 728
995 764
9 177
563 301
283 680
513 190
380 198
976 595
149 301
644 679
938 254
519 384
776 631
903 97
21 721
369 864
930 269
251 390
109 917
552 30
101 442
199 833
76 771
810 257
739 445
632 662
687 526
805 441
463 336
501 453
582 691
549 932
595 177
81 236
508 427
976 713
567 264
739 266
78 807
779 931
279 610
546 938
637 662
357 281
306 374
324 25
752 506
950 253
552 881
174 710
34 554
422 433
924 610
461 299
690 662
512 730
529 540
894 398
753 349
104 873
554 556
684 627
828 520
978 775
578 256
977 730
766 138
9 734
925 493
525 197
582 86
821 172
18 331
970 828
841 721
410 702
404 20
797 279
950 93
419 275
129 246
693 311
911 480
969 681
548 955
992 745
97 691
682 791
188 576
247 326
946 75
584 474
550 132
733 679
260 932
739 205
795 760
6 828
255 905
928 786
33 847
252 431
162 470
678 663
934 348
916 933
186 464
350 57
996 481
962 561
581 254
56 777
503 30
794 839
754 120
863 229
648 853
19 306
298 210
870 643
769 426
448 80
212 41
400 782
89 674
36 308
863 992
366 681
294 421
847 311
153 957
26 181
373 687
525 376
29 499
178 911
567 534
969 291
282 261
59 3
368 481
645 596
353 137
544 575
781 830
36 207
219 573
878 828
700 767
183 325
923 833
379 446
578 937
977 714
62 500
652 135
632 44
603 851
857 908
552 584
274 668
521 543
465 302
889 649
521 861
943 625
286 300
307 754
605 423
179 668
805 37
146 25
217 237
188 598
962 298
818 944
47 358
218 74
321 437
378 82
439 408
72 299
631 498
208 44
209 261
727 869
621 877
431 642
52 213
474 705
457 342
992 882
611 968
8 168
923 452
257 265
102 790
582 187
9 974
749 938
219 931
654 87
990 91
517 361
797 977
82 153
889 863
707 288
669 677
159 820
304 807
663 826
540 133
891 611
144 625
746 983
271 534
287 933
420 599
884 664
332 237
868 626
960 184
744 842
506 64
177 130
875 55
602 869
166 651
274 383
383 315
762 698
81 241
209 817
719 363
71 364
401 317
757 164
919 8
978 455
62 625
615 453
1000 317
727 143
622 325
888 685
74 130
454 399
79 263
643 216
756 794
66 944
706 115
104 206
529 29
14 50
287 880
805 755
260 150
776 967
282 423
193 221
400 956
13 842
513 863
368 779
378 38
576 922
44 864
721 366
338 581
941 975
467 283
210 790
584 724
450 599
533 927
418 881
410 128
370 575
370 200
405 12
208 824
743 66
727 601
891 640
285 401
199 288
395 191
510 227
293 701
848 291
223 421
443 883
647 914
62 182
27 880
139 983
780 863
817 931
840 765
622 277
192 318
218 39
40 135
76 764
637 900
39 674
468 182
812 866
906 773
228 476
690 99
121 561
692 323
693 635
693 914
181 962
545 328
58 649
849 593
793 858
416 601
758 882
870 727
598 294
703 833
215 120
552 971
654 320
291 758
292 500
404 876
388 998
740 531
634 56
300 205
49 75
732 200
287 556
181 41
781 951
68 955
994 345
612 152
577 362
940 330
580 863
321 446
907 659
798 525
910 75
89 125
971 913
970 548
666 484
572 774
854 371
703 676
326 869
444 483
35 211
843 750
678 118
537 834
185 718
776 574
121 796
666 467
5 29
960 375
195 792
925 476
449 387
765 669
162 690
950 561
901 603
785 808
296 660
144 196
389 436
600 450
933 602
108 279
456 645
56 394
384 860
976 657
991 683
459 522
101 983
330 49
544 431
874 112
458 74
34 788
787 773
970 559
700 546
439 928
98 313
940 464
929 265
706 387
945 336
798 818
250 51
567 598
837 872
289 799
645 254
769 728
987 281
917 730
292 646
332 987
274 569
929 152
997 967
320 45
786 688
824 515
841 683
592 751
646 972
846 585
997 40
72 800
746 927
413 39
895 680
474 135
731 846
385 91
332 326
356 55
812 164
875 123
947 278
508 864
951 294
257 990
954 748
222 429
646 238
116 663
482 38
407 656
771 412
572 658
822 561
344 624
381 138
165 51
494 268
901 52
705 723
6 151
544 735
122 112
341 167
107 236
417 180
371 979
296 504
829 125
461 888
369 750
264 427
874 518
176 317
159 145
14 102
344 857
685 430
398 570
720 757
482 200
646 86
341 42
465 571
635 124
908 694
333 125
231 20
159 134
146 449
291 195
915 326
708 266
729 518
787 983
650 774
689 411
840 324
338 575
159 279
876 811
532 136
552 625
756 505
57 232
179 613
367 80
60 198
579 738
817 339
43 400
784 95
895 713
731 376
36 815
146 462
754 187
149 520
773 115
995 191
373 767
228 153
242 481
502 326
240 597
287 382
55 441
664 105
648 227
631 112
761 603
209 316
83 509
212 223
676 376
693 226
949 605
805 307
36 474
611 947
251 515
141 374
420 681
700 235
793 831
28 345
975 670
320 920
779 357
671 826
516 862
840 809
144 864
915 963
806 365
40 604
991 163
684 695
665 867
707 622
883 387
528 817
321 85
639 264
417 857
396 800
272 862
699 985
354 125
856 430
704 396
61 342
643 239
778 533
836 716
193 582
519 77
283 571
289 842
381 922
165 93
457 620
755 691
646 211
443 599
757 37
615 864
83 981
945 380
188 290
621 950
231 923
730 477
677 679
950 48
181 808
304 978
19 504
883 79
404 476
333 605
48 398
926 57
654 535
297 360
325 355
589 662
332 846
960 532
669 329
687 30
2 834
821 859
705 760
70 116
474 11
202 436
169 575
521 101
78 393
560 440
137 518
135 119
654 508
513 163
587 484
552 130
806 445
19 400
960 29
22 561
829 447
443 620
631 546
17 346
687 380
191 694
231 607
752 751
322 168
970 375
237 105
203 217
132 670
591 890
777 583
101 612
800 853
762 977
709 201
877 590
514 117
751 640
285 489
50 932
848 348
638 139
626 655
802 422
577 723
101 501
702 30
946 95
931 652
179 385
381 69
435 414
916 493
719 536
926 194
549 147
395 853
307 436
163 690
720 181
810 372
498 370
302 740
887 941
428 726
929 404
351 55
658 64
52 727
857 371
847 67
460 652
101 978
991 894
874 175
231 339
98 967
415 664
15 135
474 561
238 387
929 118
24 779
167 957
976 365
517 828
316 51
155 989
97 177
484 604
219 696
861 468
347 281
183 200
826 653
586 437
850 71
962 653
119 309
653 658
856 290
461 297
697 930
693 198
307 951
163 465
550 880
165 72
142 537
82 364
153 389
104 716
838 860
840 395
68 612
108 6
953 876
57 346
945 371
761 340
248 972
743 412
407 571
729 681
567 658
3 99
14 843
895 236
827 577
457 814
171 970
659 386
513 41
544 947
211 228
529 898
797 55
272 954
644 195
240 884
131 999
886 673
776 400
939 844
835 229
289 738
231 46
602 910
933 235
536 134
535 86
16 265
151 361
372 445
40 931
138 85
925 599
267 827
784 495
677 150
656 826
271 142
628 836
553 167
369 623
939 679
372 556
891 410
969 789
126 617
969 227
915 996
419 158
332 882
722 294
500 358
64 735
107 255
429 862
638 217
657 507
732 134
127 458
1 639
697 778
404 620
665 702
704 495
890 695
746 102
359 792
344 403
12 819
363 278
74 920
188 996
850 478
883 878
884 819
189 782
443 482
203 157
906 259
746 137
626 140
181 831
487 270
455 433
700 811
718 446
938 112
703 741
171 412
71 311
596 520
393 317
33 936
144 757
289 73
252 827
18 671
789 780
55 25
978 106
392 430
230 873
801 281
901 809
933 780
420 977
535 503
574 765
995 392
977 245
625 308
730 618
638 83
657 397
695 777
766 316
11 115
314 134
377 389
95 371
838 223
624 898
289 97
454 3
252 138
20 103
789 607
991 312
353 807
524 751
919 32
742 657
11 300
527 463
604 312
969 346
968 686
201 800
127 765
220 638
224 399
591 409
113 658
743 280
411 902
50 7
444 717
822 937
606 16
28 10
885 397
13 130
92 522
261 919
685 106
760 522
82 522
356 253
50 150
234 260
568 551
608 724
511 595
183 349
261 824
703 81
43 576
318 49
603 286
889 128
507 543
821 851
455 136
20 110
536 767
131 37
683 624
558 636
131 611
192 576
135 160
527 722
67 758
529 394
833 583
942 145
643 158
19 664
314 520
135 618
532 531
102 625
340 484
857 694
815 270
252 755
880 300
843 944
881 197
882 205
845 471
331 555
827 115
321 626
464 515
818 750
823 942
675 213
307 920
395 504
346 958
365 114
675 718
424 604
24 449
742 346
35 800
390 16
576 357
620 437
106 136
359 238
269 55
493 537
367 158
131 737
63 742
24 940
608 504
193 485
193 808
654 154
305 182
180 658
827 41
996 636
538 940
739 302
667 29
369 232
269 177
805 294
143 158
313 255
509 618
946 788
333 241
939 929
797 546
7 575
211 118
157 387
176 830
657 813
307 219
821 103
986 915
127 383
36 75
382 473
829 572
877 431
939 164
402 636
284 522
455 913
303 896
568 403
217 908
21 328
700 975
274 851
711 299
15 942
252 229
750 348
932 284
845 120
204 320
218 158
381 209
153 467
194 737
835 968
855 35
324 952
342 114
235 244
922 177
533 299
593 112
719 869
669 741
152 330
960 183
580 736
779 412
619 583
929 22
70 198
953 818
382 244
165 460
361 320
207 833
426 431
392 531
762 382
950 293
160 543
165 609
969 56
970 182
55 658
662 446
521 570
171 554
83 371
174 926
285 105
895 677
930 555
538 261
291 862
292 493
293 505
648 691
332 337
134 150
944 505
252 129
410 557
302 66
231 695
35 782
332 780
367 471
244 664
647 332
516 187
707 481
80 518
574 735
368 784
803 978
631 537
725 585
116 836
134 111
797 16
728 212
102 819
582 164
929 920
472 402
962 96
720 873
789 961
702 610
539 140
530 212
343 353
749 798
73 920
538 460
167 66
370 74
120 168
670 111
101 425
252 106
550 671
146 132
609 484
258 62
671 244
251 639
84 276
231 573
752 717
877 373
181 979
399 786
123 724
250 705
78 581
651 543
159 433
940 329
515 210
643 494
810 116
919 225
81 922
212 91
378 847
282 502
11 113
153 152
444 255
39 774
261 551
890 892
746 594
835 616
599 387
603 682
18 946
444 305
204 508
867 91
62 844
257 82
771 662
930 799
843 671
199 902
511 613
520 31
206 283
457 314
825 763
797 226
817 708
88 716
173 520
432 460
508 200
207 414
592 743
97 642
370 544
313 880
523 41
776 653
706 60
390 317
797 147
35 741
671 275
641 688
879 423
257 956
189 536
541 716
234 221
174 987
752 876
487 564
470 366
532 599
26 126
934 103
934 413
729 811
79 564
941 463
403 598
752 763
254 479
257 668
574 345
647 712
596 284
63 257
963 783
359 963
382 99
20 740
793 627
766 385
116 11
579 831
727 974
59 279
964 508
669 222
977 198
509 100
769 971
801 384
167 947
884 16
833 629
840 807
139 446
965 998
107 460
917 581
345 275
843 572
472 451
471 770
116 380
43 501
995 595
600 758
603 297
587 563
307 446
658 796
880 913
185 701
93 92
866 147
189 840
305 446
579 921
17 774
728 741
584 767
803 245
510 191
366 160
4 952
170 541
634 66
781 917
428 776
395 944
461 51
52 375
676 617
552 919
240 132
2 831
296 997
991 654
849 75
848 690
247 835
468 924
257 880
586 105
969 533
392 182
643 400
220 359
165 663
656 954
388 317
779 615
247 389
757 898
711 506
710 518
586 560
74 973
474 502
930 376
919 745
439 564
647 115
425 816
283 446
122 394
586 317
70 431
18 244
456 495
840 738
224 470
23 48
940 142
962 777
501 745
304 542
468 820
847 853
967 615
606 502
454 771
715 951
2 822
22 583
495 199
773 576
939 405
906 832
209 752
247 493
907 883
50 193
381 615
788 153
455 954
35 175
22 123
989 330
539 165
565 638
654 620
489 395
965 696
195 112
673 598
504 253
382 640
264 932
916 571
824 551
769 506
608 334
576 653
595 952
908 708
366 266
964 259
622 916
329 984
866 346
702 44
467 438
252 210
13 825
583 294
894 386
659 324
549 68
435 526
342 100
899 808
224 880
261 96
738 984
906 811
945 816
251 387
215 178
944 106
711 740
443 265
701 680
629 937
597 385
959 238
865 437
803 82
675 926
840 276
307 531
108 722
456 584
925 717
113 44
296 476
258 271
665 885
537 681
78 802
209 593
